0,0,0,0,0,0,0,0,0,0,0,0,0,0,0,0,0,0,0,0,0,0,0,0,0,0,0,0,0,0,0,0,0,0,0,0,0,0,0,0,0,0,0,0,0,0,0,0,0,0,0,0
1,3.4616,4.7582,5.4082,5.9982,6.7773,7.4748,7.8778,8.5063,9.1941,9.259,9.8355,10.45,11.054,12.056,13.148,13.894,14.94,15.535,16.093,16.522,16.965,17.748,18.173,18.689,19.465,21.272,22.925,23.877,24.137,24.75,25.365,25.925,26.595,27.681,29.155,29.834,31.119,33.175,33.981,35.131,35.901,36.491,37.291,39.561,40.561,41.201,42.411,43.811,44.071,47.081,49.55
1.2,3.1019,3.7352,4.5322,4.6973,5.3281,6.4361,6.9517,7.1503,8.174,8.62,9.3093,9.8135,10.571,11.276,11.933,12.285,12.767,13.691,14,14.576,15.023,15.578,16.964,17.094,17.566,18.139,18.678,19.53,20.3,21.516,22.748,23.341,23.871,24.544,24.764,25.333,25.981,26.912,28.357,29.298,29.783,30.555,31.151,31.931,33.039,34.919,35.679,36.469,37.369,39.139,39.809
1.4,3.215,5.5499,6.0078,6.2967,6.5949,7.1486,8.338,9.2946,9.6699,9.9648,10.446,10.818,11.1,11.511,12.226,12.724,13.013,13.274,13.754,14.069,14.434,14.895,15.587,15.88,16.266,16.888,17.504,17.747,18.171,18.592,18.853,19.331,19.717,20.321,20.754,21.178,21.752,22.455,24.249,25.369,26.128,26.158,27.534,28.262,29.111,29.971,32.776,33.136,33.966,35.706,35.816
1.6,2.2461,2.7758,3.6084,4.8088,5.1621,5.3728,5.7935,6.4987,7.2006,7.8353,8.7311,9.2214,9.6045,10.009,10.341,11.112,11.31,11.671,12.142,12.931,13.482,14.161,15.734,16.066,16.499,17.264,17.923,18.602,18.932,19.399,19.909,20.253,20.664,21.336,22.577,23.65,24.487,25.409,25.628,26.071,26.601,26.989,27.599,28.929,29.519,30.916,32.844,32.994,33.804,35.274,36.228
1.8,1.749,2.524,3.0627,3.4909,3.8943,4.1697,4.5487,4.8296,5.0624,5.2609,5.4708,5.77,6.331,6.6735,6.7608,7.0623,7.7049,8.1719,8.4916,9.3911,9.7019,9.9535,10.311,10.681,11.153,11.601,12.258,12.659,12.881,13.318,13.948,14.5,14.592,15.02,15.403,16.126,16.853,17.425,18.391,18.834,19.184,19.644,20.297,20.958,21.534,22.414,23.452,23.884,24.604,26.014,26.154
2,1.6788,2.5178,2.5229,3.1432,3.7137,4.188,4.4475,4.6448,4.9698,5.2585,5.8064,6.2644,6.8619,7.66,8.0643,8.6102,8.9784,9.3998,9.8579,10.351,10.708,10.982,11.485,12.054,12.672,13.828,14.583,14.962,15.796,16.156,16.467,16.815,17.144,17.616,18.86,19.819,20.344,20.995,21.572,21.927,22.899,23.35,23.995,24.573,26.831,26.951,27.481,28.247,28.377,30.055,30.295
2.2,1.3794,2.0496,2.55,2.9381,3.7018,3.9083,4.1503,4.6456,4.7085,5.019,5.0218,5.3175,5.8109,6.2155,6.6269,6.8131,7.2689,7.748,8.1328,8.5792,8.8551,9.3231,9.7762,11.166,11.893,11.959,12.167,12.539,12.982,13.278,13.821,14.289,15.377,15.732,15.961,16.252,16.638,17.64,18.061,18.491,19.029,19.058,19.57,20.587,21.223,22.081,22.561,23.079,23.569,24.569,25.229
2.4,1.5528,2.3719,2.6877,3.2902,3.5846,3.9625,4.736,4.9717,5.4118,5.6031,5.8889,6.1274,6.3376,6.548,6.78,7,7.2769,7.7148,7.9508,8.5451,8.89,8.9407,9.19,9.483,10.439,11.254,11.488,11.991,12.44,12.811,13.095,13.374,13.791,14.186,14.826,14.938,15.217,15.959,16.706,17.129,17.66,18.088,19.043,19.743,20.798,21.533,21.996,22.374,23.013,24.16,24.76
2.6,1.3244,1.8646,2.4679,2.9371,3.2734,3.6421,3.8837,4.1004,4.4104,4.9176,5.2508,5.526,6.13,6.4131,6.5854,6.8931,7.4145,7.9031,8.1231,8.3272,8.4956,8.6825,8.8784,9.268,9.8406,10.155,10.547,11.091,12.797,13.298,13.677,14.073,14.089,14.461,15.011,15.805,16.199,16.397,16.811,17.365,18.063,18.361,18.801,19.252,19.586,19.754,20.438,21.17,23.708,24.969,25.129
2.8,1.2819,1.889,2.399,2.5635,2.7104,2.8307,3.079,3.2866,3.6196,3.7567,4.2229,4.4829,4.7321,5.022,5.5161,5.6022,5.9253,5.958,6.331,6.5806,6.8503,7.035,7.9272,8.9655,9.2816,9.2981,9.6148,10.333,10.788,11.192,11.446,11.685,11.976,12.252,12.485,13.037,13.204,13.671,14.057,14.36,14.57,14.935,15.346,15.904,19.213,20.086,20.895,21.401,21.849,22.624,23.064
3,0.99485,1.7946,2.0179,2.4276,2.665,3.0213,3.3854,3.8056,4.1668,4.4795,4.7723,5.1386,5.5378,5.8094,5.8853,6.2228,6.5177,7.0334,7.3267,7.6707,7.9426,8.2929,8.49,9.229,9.547,9.9513,10.287,10.498,10.954,11.229,11.658,12.021,12.824,13.339,13.655,14.124,15.034,15.643,15.967,16.321,16.761,17.099,17.902,18.309,19.164,19.416,20.606,20.899,21.435,22.491,22.861
3.2,1.4597,1.7398,2.0458,2.4306,2.7266,2.9965,3.2022,3.8882,4.076,4.3963,4.6849,5.0454,5.2137,5.7258,6.1472,6.7351,7.2561,7.5452,7.7061,7.9644,8.1783,8.3811,8.9357,9.1096,9.4226,9.9027,10.477,10.778,11.147,11.168,11.524,11.813,11.878,12.161,12.574,13.186,14.039,14.172,14.872,15.172,15.705,16.151,17.359,17.653,18.682,19.758,20.256,21.013,22.108,22.433,22.672
3.4,1.2946,1.6537,1.8782,2.231,2.2434,2.4931,3.1786,3.5499,4.4746,4.6903,4.9718,5.3675,5.6387,5.7111,6.604,6.9799,7.3403,7.4384,7.614,7.8298,8.1813,8.5646,8.7232,8.934,9.234,9.6028,10.068,10.447,11.219,11.553,11.78,12.466,12.609,12.861,13.42,13.717,14.104,14.357,15.509,16.124,16.463,16.909,17.3,17.39,17.84,18.248,18.542,18.814,19.253,20.066,20.466
3.6,1.4537,1.5494,1.9375,2.1601,2.3966,2.6594,2.7976,2.983,3.0841,3.3692,3.7935,4.2974,4.6837,5.4658,5.6174,5.8881,6.3129,6.5013,6.7003,6.8242,7.0742,7.3456,7.571,7.9209,8.1061,8.4563,8.7121,8.789,9.0198,9.278,9.6612,10.035,10.498,10.592,10.907,11.287,12.175,12.466,13.03,13.213,13.428,14.041,14.332,14.703,15.196,15.459,15.809,16.364,16.932,18.406,19.622
3.8,1.4797,1.6332,1.8888,2.3292,2.7135,2.9608,3.4101,3.8539,3.9513,4.0875,4.5216,5.5723,5.8633,6.3026,6.5039,6.6998,6.7833,6.9943,7.7895,7.995,8.224,8.818,9.0174,9.3185,9.5215,9.7249,10.618,10.879,11.026,11.368,11.596,11.865,12.157,12.525,12.975,13.377,13.823,14.023,14.205,14.491,14.688,14.957,15.623,16.014,16.423,16.763,17.105,17.802,18.216,18.856,19.245
4,0.97184,1.3478,1.5262,2.4008,2.861,3.3464,3.9712,4.5602,4.6732,4.8878,4.8953,5.2914,5.4115,5.5631,5.7955,6.5976,6.7685,7.7857,8.1159,8.2965,8.4339,8.6264,9.2171,9.6387,10.36,10.766,10.907,11.153,11.347,11.791,12.148,12.395,12.663,13.026,13.365,13.753,14.222,14.643,14.645,15.201,15.214,15.572,15.88,16.323,16.685,16.88,17.223,17.601,17.938,18.702,20.646
4.2,1.4265,1.8537,2.3188,2.5953,3.2093,6.0737,6.4295,7.9933,8.4636,9.1882,9.482,9.6663,9.9212,10.002,10.354,10.642,11.232,11.612,12.332,12.725,13.047,13.047,13.417,13.659,14.269,14.718,15.326,15.681,15.903,16.581,16.801,17.077,17.175,17.554,17.655,17.926,18.024,18.254,18.987,19.425,20.018,20.348,20.61,20.748,21.023,21.559,22.525,23.092,25.261,25.665,25.853
4.4,0.87739,1.2805,1.5083,2.0966,2.4451,3.6077,3.6299,4.1364,4.2977,4.4982,4.8201,5.2451,5.3684,5.6484,5.95,6.3081,6.8653,6.9421,7.1132,8.4263,8.5879,8.8235,9.2716,9.6956,10.06,10.363,10.851,11.038,11.371,11.525,11.815,12.086,12.608,13.08,14.036,14.219,14.478,14.494,14.84,15.214,15.243,15.51,15.765,15.884,16.67,17.045,17.48,17.576,17.973,18.583,18.868
4.6,0.9187,1.2585,1.429,1.6665,2.1773,2.631,3.2281,4.406,4.6486,4.8996,5.0505,5.2244,5.4435,5.7273,5.7819,5.9457,6.6985,6.8527,9.7787,10.032,10.283,10.453,10.605,10.802,11.047,11.107,11.5,11.738,12.135,12.443,12.928,13.119,13.338,13.343,13.681,13.946,14.257,15.454,15.787,15.956,16.177,16.517,16.784,18.006,18.441,18.904,19.155,19.277,19.635,20.359,22.453
4.8,1.1168,1.4162,1.6099,2.3074,2.5094,2.9949,3.5934,3.9126,4.1095,4.744,5.3511,5.5892,5.645,5.8707,6.0952,6.3109,6.7154,7.0026,7.2276,7.9261,8.191,8.4214,8.7248,8.9931,9.1765,9.599,9.96,10.297,10.573,10.98,11.207,11.497,11.77,11.992,12.257,12.588,12.806,12.932,13.575,14.089,14.37,14.53,14.728,14.97,15.305,15.754,15.96,16.23,16.634,17.299,17.465
5,0.84105,1.2367,1.3775,1.5927,2.8698,3.1475,3.741,3.9931,4.5164,4.6963,4.9961,5.2313,6.6946,6.9873,7.3182,7.8679,8.06,8.1883,8.3846,8.7678,9.0442,10.828,11.064,11.383,11.773,12.093,12.343,12.559,13.012,13.234,13.372,13.535,13.73,13.992,14.534,15.18,15.678,16.699,17.19,17.457,17.625,17.837,18.127,19.058,19.106,19.38,20.196,20.662,20.98,21.562,21.968
5.2,1.1408,1.2471,1.5,1.995,2.2892,3.0841,3.8599,4.2764,4.4541,4.7466,5.0563,5.3714,5.8227,6.0185,7.9433,8.1125,8.54,8.5582,8.8095,9.0105,9.1593,9.3401,9.9377,10.259,12.286,12.742,12.925,13.191,13.49,13.697,13.71,13.888,14.262,14.529,15.252,15.508,16.921,17.492,17.661,17.966,18.202,18.494,19.052,19.496,19.745,19.997,20.375,20.747,21.035,21.474,21.816
5.4,1.1595,1.2308,1.3849,1.6847,2.0452,2.3319,2.9844,5.9713,7.3527,7.568,8.2036,8.2528,8.4605,8.6635,8.983,9.2479,9.3316,9.7393,10.547,10.777,10.919,11.093,11.167,11.354,11.566,12.408,13.9,14.145,14.294,14.486,15.065,15.259,15.364,15.582,15.817,16.298,16.538,17.25,17.431,18.051,18.399,18.571,18.657,18.933,19.279,19.449,19.63,19.919,20.32,21.008,21.528
5.6,1.0808,1.2599,1.4633,2.1685,3.9835,4.5732,5.0535,5.3194,6.4125,6.6119,6.8167,6.9901,7.5178,7.7631,8.2393,8.3994,8.6287,8.8151,9.0814,9.2555,9.512,9.7677,10.173,10.311,10.833,11.022,11.257,11.462,11.978,12.278,12.448,12.714,12.955,13.114,13.331,13.727,13.962,14.121,14.549,14.817,15.065,15.347,15.608,15.701,15.997,16.397,16.409,16.726,17.188,17.783,19.999
5.8,1.1579,1.3903,1.6535,1.9416,2.1519,2.3715,2.4859,3.7972,4.4385,4.837,5.0144,5.1514,5.2059,5.4048,6.2704,6.4767,7.1371,7.3618,7.3884,7.6413,7.761,7.8987,8.1256,8.3081,8.4992,9.2864,9.9377,10.809,10.95,11.704,12.133,12.417,12.48,12.845,13.009,13.192,13.872,14.004,14.256,14.594,14.975,14.985,15.309,16.035,16.729,16.996,17.251,17.471,17.901,18.415,18.891
6,0.63676,1.1349,1.3612,1.5892,1.7281,1.8902,2.2979,2.5987,2.9724,3.431,4.0074,4.9643,5.1092,6.034,6.2201,6.7461,7.5684,7.8257,7.9882,8.3622,8.4098,8.6019,8.7119,8.9073,9.0912,9.7641,10.089,10.393,11.265,11.555,11.747,11.886,12.531,12.591,12.781,12.977,13.092,13.281,13.519,14.103,14.339,14.485,14.616,15.073,15.371,15.994,16.424,16.734,16.972,17.428,19.624
6.2,0.77767,1.1176,1.1609,1.5395,1.6431,1.8544,1.9801,2.9239,3.0758,4.2955,4.8668,5.2994,5.7362,6.0123,6.283,6.7427,6.8601,7.0017,7.5348,7.8009,8.2154,8.7501,8.8724,8.9573,9.0619,9.2239,9.488,9.8491,10.107,10.346,10.743,10.836,11.521,12.017,12.237,12.452,12.462,12.907,13.198,13.304,13.571,13.823,14.159,14.377,15.387,15.894,16.169,16.365,16.589,17.008,17.518
6.4,0.79476,0.98412,1.1366,1.2876,1.6582,1.7788,2.6062,2.6249,2.9954,3.4103,3.7979,4.2237,4.7006,4.8748,4.9739,5.2477,5.391,5.5221,5.9112,6.056,6.2389,6.3574,6.5133,6.8988,7.0471,7.2089,7.3091,8.1497,8.4792,8.52,8.6998,8.872,10.289,10.457,10.74,11.09,11.242,11.513,11.798,11.989,12.576,12.845,12.878,13.141,14.718,15.145,15.503,15.77,16.196,16.728,16.85
6.6,0.81771,0.99753,1.7652,2.1326,2.2521,2.4496,3.1515,3.3556,4.2909,4.4614,4.6725,5.0219,6.3798,6.5324,6.6258,6.7476,6.9173,7.014,7.1629,7.2836,8.0957,8.6999,10.025,10.181,10.392,10.568,10.581,10.813,10.9,11.151,11.374,12.78,12.971,13.146,13.304,13.54,13.555,13.976,14.445,14.535,14.701,14.949,14.958,15.523,15.791,16.752,16.983,17.309,18.102,19.112,19.31
6.8,1.0203,1.0965,1.2482,1.318,1.5413,1.9111,2.5472,3.7329,3.7814,3.9065,4.8717,5.167,5.5827,5.6917,6.0559,6.2432,6.3904,6.4814,6.8286,7.0247,7.3196,8.3307,8.903,9.5179,9.7122,9.7579,9.9554,9.991,10.376,10.509,10.705,11.083,11.267,11.604,11.63,11.831,12.031,12.3,12.694,12.927,13.093,13.14,13.408,13.523,13.823,14.066,14.27,14.632,15.285,15.596,16.19
7,0.73482,0.97656,0.99583,1.4768,1.9412,2.1545,2.8749,3.8448,4.3047,4.8028,4.8596,7.4867,7.7697,8.4862,8.613,8.814,9.0068,9.7002,9.9482,10.208,10.434,10.476,10.697,11.154,11.501,12.442,12.656,12.965,13.213,15.128,15.815,15.836,16.12,16.228,16.432,16.63,16.971,17.188,17.422,17.819,18.117,18.128,18.369,18.857,19.213,19.673,19.846,20.099,20.259,20.699,21.174
7.2,0.74529,0.98382,1.0919,1.2596,1.4823,1.6352,1.7842,1.9254,2.1165,3.0996,4.2432,4.9878,5.1836,5.3784,5.6141,6.1226,6.9608,7.2656,7.6443,8.2211,8.7005,9.046,9.1344,10.118,10.291,10.451,10.487,10.669,10.848,10.975,11.147,11.316,11.541,11.783,11.939,12.08,13.249,13.414,13.575,13.619,13.865,14.141,14.226,14.437,14.963,15.078,15.303,15.497,15.749,16.173,16.251
7.4,0.88472,0.89369,1.22,1.4539,1.6654,1.733,1.9039,2.4823,3.7846,3.9682,4.2481,4.5195,5.0149,6.1772,6.3401,6.5125,6.7395,7.1469,7.5831,7.773,7.791,8.1168,8.3126,8.5756,8.8018,8.857,9.0031,9.4543,9.9543,9.9876,10.698,10.852,10.978,11.024,11.449,11.524,11.717,11.964,12.273,12.462,12.731,12.905,13.231,13.505,13.577,13.807,13.999,14.426,14.752,15.302,15.551
7.6,0.76161,0.9607,1.0443,1.4188,1.8798,1.9744,2.0842,2.9131,2.9925,3.1019,3.2444,3.5757,4.0761,5.0141,5.3211,5.6298,5.9116,6.3996,6.7686,9.5487,9.6269,9.8515,10.302,10.544,11.294,11.376,11.728,11.994,12.107,12.252,12.646,12.685,12.893,13.172,13.471,13.697,13.702,13.939,14.207,14.491,14.773,15.366,15.547,16.496,17.25,17.754,18.056,18.146,18.41,18.698,18.878
7.8,0.86979,1.1237,1.2185,1.3796,1.5595,1.9072,3.1487,3.379,4.2455,5.6397,5.7914,6.2009,6.5102,6.7086,6.8878,7.1342,7.2698,7.8909,8.2074,8.2907,8.4056,8.8848,9.7833,9.9671,10.557,10.563,11.116,11.238,11.458,11.836,12.01,12.196,12.782,12.913,13.081,13.164,13.316,13.512,13.878,14.121,14.15,14.399,14.599,14.768,15.054,15.818,16.172,16.69,16.768,17.808,18.413
8,0.67719,0.8642,1.0028,1.358,1.3731,1.8187,2.24,2.436,4.7318,8.0533,8.5346,9.4718,9.5495,9.7033,9.8279,9.9901,10.197,10.627,10.687,11.2,12.208,12.245,13.464,13.724,14.219,14.511,14.632,14.697,14.816,15.268,15.404,15.859,16.295,16.469,16.879,17.257,17.299,17.49,17.665,18.452,18.671,18.729,18.869,19.179,19.949,20.36,20.616,20.734,20.919,21.265,21.5
