0,0,0,0,0,0,0,0,0,0,0,0,0,0,0,0,0,0,0,0,0,0,0,0,0,0,0,0,0,0,0,0,0,0,0,0,0,0,0,0,0,0,0,0,0,0,0,0,0,0,0,0
1,2.3216,4.6264,5.2076,6.2535,6.6535,7.2435,7.7669,8.1282,8.7545,9.171,9.8111,9.9515,10.421,13.5,14.01,14.687,15.376,15.979,16.723,17.54,18.426,19.053,19.617,20.197,21.291,23.251,24.384,25.335,26.938,27.863,28.203,29.055,29.785,30.481,32.477,33.21,33.89,35.064,36.314,37.011,37.89,38.1,39.43,41.28,41.69,42.65,44.918,44.988,46.158,48.228,48.568
1.2,3.2273,3.9934,4.6491,5.2079,5.8222,6.373,6.8774,7.3995,8.1634,8.5375,8.9803,9.4516,10.155,10.656,10.928,11.265,11.747,12.246,12.844,13.09,13.589,14.188,14.575,15.152,15.755,16.822,18.04,18.606,19.159,19.841,20.562,21.227,21.335,21.93,22.866,23.577,24.389,25.382,26.402,26.922,27.812,28.511,30.02,31.475,31.576,32.596,33.566,34.706,35.954,37.184,38.104
1.4,2.7301,3.5504,4.176,4.5225,4.9189,5.5327,5.9572,6.4251,6.4941,6.9959,8.1894,8.8201,8.984,9.3015,9.5466,9.9939,10.503,11.022,11.626,12.342,12.917,13.523,13.913,14.181,14.638,15.3,15.743,16.233,16.657,17.025,17.345,17.881,18.979,19.551,20.131,20.511,21.102,24.355,25.912,26.892,27.162,27.712,28.775,28.985,29.745,31.707,34.894,36.134,36.294,38.154,38.444
1.6,2.1199,3.3393,3.7543,4.1353,4.3401,4.6514,5.0339,5.3822,5.7905,6.0484,6.4488,6.822,7.2818,7.6976,8.0636,8.2946,8.676,9.3209,9.7057,10.125,10.432,10.971,11.416,11.804,12.525,13.221,13.803,14.328,14.682,15.077,15.578,16.054,16.577,17.128,17.737,18.431,19.121,20.157,22.667,24.668,24.948,25.468,26.106,26.863,28.994,29.174,29.824,30.609,30.989,32.719,33.189
1.8,1.5716,2.7227,3.461,3.812,4.7232,5.1112,5.523,5.6044,5.9033,6.3034,7.1586,7.4363,8.0107,8.3412,8.7197,9.2016,9.4775,9.8929,9.9324,10.432,11.406,11.796,12.124,12.63,12.961,13.325,13.926,14.282,14.635,15.087,15.516,15.596,15.995,16.471,17.118,17.536,18.615,19.484,19.981,20.363,20.917,21.543,22.779,23.241,23.953,24.762,24.952,25.93,26.02,28.019,28.299
2,1.7964,2.7012,2.7209,3.2932,3.7935,4.3665,4.3872,4.6796,5.0377,5.5758,5.7513,6.0739,6.2528,6.5118,6.8452,7.0068,7.2337,8.1969,8.5801,9.0685,9.3769,9.7953,9.9938,10.445,10.895,11.854,12.587,13.557,13.926,14.344,14.745,15.174,15.733,16.111,16.637,16.892,17.107,17.585,17.878,18.71,19.365,19.976,20.379,20.938,21.877,22.737,23.217,23.677,24.394,25.763,26.073
2.2,2.08,2.2956,2.7935,3.2302,3.9721,4.8481,5.45,6.109,6.2798,6.61,6.9145,7.2295,7.5383,7.9312,8.6049,8.8907,9.179,9.3326,9.8289,10.286,10.584,10.789,11.117,11.544,12.06,12.74,13.478,13.742,14.053,14.549,14.832,15.176,16.108,16.474,16.98,17.49,17.772,18.182,18.608,18.706,19.042,19.523,19.553,20.254,22.213,22.543,22.963,23.389,24.008,25.057,25.427
2.4,1.2238,2.127,2.5116,2.8274,2.9641,3.4157,3.8069,4.0563,4.2866,4.3272,4.6403,4.7338,5.0203,5.4554,6.25,6.5666,7.09,7.5285,7.819,8.0853,8.501,8.8828,9.3235,9.6575,10.476,11.218,11.655,11.882,12.262,12.648,13.224,13.493,14.033,14.657,14.743,15.183,15.632,16.944,17.488,18.744,19.159,19.593,19.946,20.297,20.754,21.472,23.636,23.905,24.445,25.55,25.86
2.6,1.4294,1.9983,2.53,2.6828,3.0079,3.1241,3.3491,3.5869,3.8597,4.0923,4.4353,4.6652,4.9449,5.3921,5.71,5.9838,6.3622,6.786,6.9276,7.1807,7.4664,7.5971,8.2955,8.621,8.958,9.3111,9.4817,9.7333,10.082,10.46,11.509,11.843,12.199,12.536,12.802,13.146,13.25,13.972,14.245,15.235,15.655,16.085,16.473,16.865,17.265,18.036,18.337,18.946,19.446,20.402,21.152
2.8,2.3625,2.8686,3.1441,3.5006,3.7826,4.088,4.7796,5.1464,5.9035,6.1292,6.3628,6.5204,6.6301,6.828,7.2237,7.2361,7.6271,7.9681,8.5338,8.7791,9.1763,9.4124,9.5518,9.7992,10.366,11.474,11.668,11.955,12.153,12.487,12.972,13.23,13.439,13.709,13.912,14.128,14.451,14.922,15.139,15.415,15.696,16.364,16.412,16.904,17.349,17.953,18.623,19.122,19.551,20.62,25.214
3,1.2625,2.2218,2.4227,2.5896,2.8205,3.0121,3.2908,3.599,4.8948,6.0203,6.3031,6.7624,7.0411,7.8085,7.9806,8.0848,8.3128,8.5206,8.6761,9.0198,9.4336,10.019,10.419,10.762,11.08,11.345,11.731,12.121,12.363,12.742,12.762,13.082,13.383,13.746,14.126,14.802,15.181,15.571,15.874,16.565,16.966,17.559,18.361,18.476,19.062,19.584,20.263,21.442,21.775,21.795,22.275
3.2,1.2759,1.6744,2.1128,2.3722,2.9654,3.9047,4.3465,4.9116,5.3957,5.6212,5.9134,6.4493,6.6505,7.2906,7.6387,8.5655,8.8085,9.1919,9.4408,9.6347,9.8312,10.332,10.633,10.716,10.971,11.22,11.606,12.148,12.942,13.414,13.6,13.883,14.244,14.468,14.933,15.049,15.64,16.292,17.086,18.724,18.883,19.178,19.575,20.164,20.642,21.752,22.11,23.111,24.251,26.023,27.896
3.4,1.6258,1.857,2.2064,2.4794,2.7465,2.9642,3.4452,4.4381,4.6412,4.9359,5.2614,5.4347,5.7018,6.187,6.3866,6.7461,6.8592,7.2845,7.458,7.832,8.183,8.2643,8.586,9.2589,9.4769,9.9568,10.317,10.845,11.504,11.792,12.09,12.351,12.685,12.756,13.072,13.818,14.422,14.843,15.135,15.452,16.187,16.598,16.939,17.234,17.574,18.073,18.692,19.294,19.805,20.701,21.22
3.6,1.2321,1.659,2.4431,2.6714,2.8032,2.9541,3.9307,4.3204,4.5925,4.8212,4.9603,5.12,5.6874,6.1825,6.4456,6.8678,7.3844,7.7384,7.7731,8.0469,8.5138,8.5995,8.8523,9.1078,9.4377,9.6787,9.9275,10.326,10.46,11.321,11.662,11.88,12.04,12.685,13.087,13.156,13.723,14.146,14.443,14.748,14.972,15.153,15.795,16.154,16.86,17.332,18.781,19.26,19.655,20.286,20.874
3.8,1.1091,1.5486,1.7681,2.2185,2.491,2.8003,2.9499,3.0927,3.8055,3.9079,4.1522,4.4144,4.6602,4.8623,5.1802,5.4491,5.7026,5.9347,6.0275,6.2593,6.5596,7.3832,7.8486,7.9509,8.173,8.4386,8.6718,8.8922,9.1577,9.4265,10.295,10.852,11.289,11.553,11.843,12.492,12.866,13.08,13.239,13.585,13.877,14.263,15.668,16.245,16.914,17.063,17.359,17.903,18.484,19.205,20.004
4,1.4661,1.7694,1.9464,2.7034,3.0275,3.4312,3.7744,4.2486,4.512,4.7627,5.191,5.4535,5.8649,6.041,6.312,6.5059,6.836,7.0618,7.5019,7.6792,7.8407,8.3384,8.4885,8.8175,8.9518,9.155,9.481,9.6856,9.9713,10.204,10.407,10.512,10.709,11.181,11.211,11.468,11.926,12.343,12.693,12.99,13.1,13.367,13.709,14.061,14.985,15.336,15.599,15.965,16.189,16.932,17.33
4.2,0.90659,1.3961,1.5859,1.901,3.406,3.5936,3.8167,5.8444,6.0954,6.3774,6.6653,7.034,7.3973,7.668,8.2596,8.7747,8.9261,9.1046,9.2876,9.4246,9.5161,10.179,10.29,10.479,10.779,11.084,11.595,11.897,12.26,12.447,12.645,12.781,12.908,13.096,13.424,13.636,13.86,14.204,14.665,14.806,15.19,15.273,15.527,15.872,16.049,16.387,16.634,17.354,18.17,18.559,19.452
4.4,0.99526,1.4383,1.5432,1.8287,2.2796,2.5977,2.8371,3.0054,3.917,3.9713,4.1183,4.743,5.003,7.2167,7.6067,7.6358,7.8249,8.0012,8.4561,8.6494,9.1722,9.4322,9.8104,10.195,10.687,10.974,10.977,11.285,12.044,12.439,12.461,12.693,12.919,13.159,13.464,13.71,14.037,14.273,14.543,14.695,14.958,15.056,15.575,15.629,15.906,16.349,16.749,16.876,17.21,17.726,18.208
4.6,1.0263,1.2543,1.5081,1.7066,1.9695,2.4254,2.8236,2.9659,3.2096,3.5468,3.7963,3.9073,4.25,4.6877,7.6673,7.89,8.6443,8.8334,9.031,9.2158,9.3581,9.5102,9.7199,9.9731,10.34,10.994,11.203,11.631,12.139,12.442,12.806,12.923,13.262,13.65,13.843,14.01,14.299,14.697,14.939,15.178,15.304,15.575,15.939,16.215,16.969,17.847,17.908,18.333,18.578,19.568,22.715
4.8,0.99844,1.2401,1.3652,1.5549,1.8057,2.2858,2.539,3.7131,3.7225,3.8723,4.0601,4.326,4.4015,4.5818,4.8306,4.8574,5.1325,5.3335,5.5881,5.8022,6.0079,6.3609,6.6585,6.7708,7.0813,7.436,7.6456,8.1909,8.4351,9.3553,9.624,10.03,10.208,10.248,10.48,10.672,11.015,11.874,12.502,12.934,13.564,13.819,14.056,14.323,14.65,15.025,15.471,15.977,16.664,16.938,17.898
5,0.90724,1.2532,1.262,1.6868,2.2652,3.2549,4.4645,5.1536,5.3635,5.544,5.585,5.8368,5.9667,6.4106,6.6349,7.0443,7.7608,8.2673,8.3969,8.57,8.8105,9.1389,9.4817,10.429,10.595,10.661,10.843,10.908,11.111,11.193,11.457,11.626,12.032,12.309,13.392,14.02,14.503,14.712,14.989,15.204,15.463,15.928,16.233,16.56,16.675,17.218,17.55,17.86,18.29,18.983,19.234
5.2,0.91736,1.2008,1.3877,1.6205,2.0499,2.7183,3.1858,3.4483,3.895,4.0349,4.2507,4.7623,4.9449,5.3227,5.6189,5.7938,6.0377,6.3213,6.5453,6.8233,7.0732,7.6973,7.9358,8.9799,9.12,9.3043,9.6756,9.9226,10.041,10.479,10.658,10.887,11.038,11.236,11.569,11.599,12.182,12.416,12.735,12.925,13.08,13.257,13.497,14.093,15.05,15.065,15.407,15.855,16.086,16.591,16.867
5.4,1.238,1.3516,1.5152,1.6994,1.8279,1.948,2.1067,3.0201,3.2544,3.5195,4.2969,4.6204,4.9135,5.1308,5.9253,6.9881,7.1718,7.3406,7.6248,7.7128,7.8842,8.4003,8.8539,9.1273,9.4932,10.216,10.417,10.672,10.866,11.208,11.439,11.507,11.684,11.802,12.086,12.491,13.245,13.746,14.009,14.181,14.471,14.483,14.957,15.491,16.202,16.566,16.875,17.472,18.24,19.951,22.77
5.6,0.77906,1.1699,1.199,1.4526,1.617,1.9174,2.3988,2.6187,2.937,3.2445,3.3263,3.5453,3.9045,4.7853,4.8634,5.1646,5.4412,5.7125,6.0216,6.9888,7.3457,9.7215,9.9624,10.135,10.202,10.363,11.019,11.248,11.409,11.627,11.63,12.608,12.831,13.957,13.971,14.303,14.898,15.137,15.287,15.556,15.568,16.033,16.57,16.793,17.019,17.275,17.522,17.814,18.185,18.766,18.902
5.8,0.70889,1.0493,1.135,1.4461,1.8643,2.0379,2.4042,2.5827,3.7262,4.1372,4.9121,5.0793,5.3024,5.5772,5.9444,6.0984,6.226,6.5821,6.6822,6.9229,6.95,7.3176,7.4965,7.6712,8.0996,8.3167,8.7521,9.0145,9.37,9.5322,9.7903,10.154,10.48,10.704,11.272,11.592,11.873,12.011,12.098,12.217,12.409,12.576,12.799,13.163,13.438,13.495,13.755,14.132,14.843,15.665,15.865
6,0.99496,1.2878,1.4365,1.7662,1.8731,2.0598,2.8576,3.1003,3.2782,3.5208,3.9489,4.119,4.3842,4.6986,5.4461,5.5858,7.4828,7.6202,8.5836,8.7862,10.721,11.077,11.599,11.796,12.106,12.696,12.893,13.153,14.692,15.001,15.034,15.195,15.369,15.394,15.56,15.889,16.241,16.479,16.829,16.965,17.18,17.329,18.094,18.118,18.584,19.307,19.741,20.093,20.635,21.405,24.281
6.2,0.6463,1.1369,1.4363,2.5559,2.7821,2.9811,3.7155,3.9716,4.3713,4.4554,4.6101,5.0978,5.5133,5.8845,7.3149,8.0612,9.1107,9.2817,9.4337,9.5452,9.6498,9.8422,10.302,10.769,10.94,11.289,11.365,11.627,11.797,12.606,13.509,13.837,14.119,14.339,14.519,15.402,15.7,15.722,16.33,16.8,17.136,17.328,17.488,17.864,18.716,18.75,19.044,19.252,19.528,20.053,21.914
6.4,0.73176,0.9937,1.5033,1.7497,1.9134,2.7724,3.1662,3.4026,3.968,4.5732,4.7571,4.8101,5.5228,5.8402,5.997,6.2227,6.6649,6.9493,7.0388,7.1633,7.2342,7.8935,8.1634,8.7954,9.1352,9.8538,10.012,10.168,10.322,10.517,10.991,11.352,11.595,11.836,12.03,12.191,12.486,13.327,13.595,13.68,13.834,13.94,14.457,14.667,14.85,15.147,15.418,15.839,16.247,16.809,17.064
6.6,0.62995,0.96976,1.0392,1.3411,1.6294,1.9866,7.8754,8.5268,9.512,9.7183,9.9318,10.36,11.46,14.773,15.31,15.699,16.666,16.784,17.938,18.085,18.283,18.489,18.942,19.169,20.001,20.293,20.438,20.909,21.115,21.506,21.949,22.103,23.024,23.42,23.559,23.711,23.966,24.126,24.25,24.418,24.547,24.584,24.786,25.163,26.029,26.935,27.325,27.408,27.684,28.109,28.47
6.8,0.60907,0.95624,1.0561,1.317,1.4406,2.0487,3.0398,3.2221,3.7936,4.5392,6.4907,6.6455,7.6378,8.3869,8.9624,9.1159,9.4907,9.9781,10.004,10.162,10.647,10.863,11.132,11.76,12.002,12.197,12.532,12.795,12.866,12.983,13.199,13.322,13.576,13.734,13.933,14.053,14.464,15.697,15.914,16.079,16.238,16.404,16.585,16.788,17.153,17.568,17.754,18.174,19.081,20.278,20.633
7,0.59438,1.0016,1.3075,2.1941,2.921,3.1966,3.636,3.9896,4.1163,7.2723,7.929,8.7901,9.0057,9.1817,9.537,10.491,10.623,10.814,11.067,11.284,11.671,11.987,12.124,12.281,12.756,15.331,16.305,16.532,16.707,16.983,17.187,17.545,17.711,17.883,17.98,18.157,18.581,18.78,19.03,19.13,19.252,19.706,19.896,20.38,21.002,21.262,21.488,21.879,22.457,22.624,22.764
7.2,1.0447,1.1823,1.2605,1.3428,1.4768,2.1128,3.0453,3.1913,3.6134,3.8681,4.1193,4.638,5.601,6.658,6.8101,7.0106,7.4408,8.2003,8.5125,8.9112,9.0025,9.0905,9.1801,9.3588,9.5919,9.7837,9.9952,10.293,10.536,11.146,11.494,11.671,12.178,12.321,12.328,12.52,13.143,13.428,14.121,14.797,14.876,15.063,15.393,15.953,16.685,17.102,17.149,17.377,17.788,18.33,18.56
7.4,0.65366,0.92784,1.1793,1.368,1.6938,1.9916,2.142,2.4505,2.6376,2.862,3.8689,6.1532,7.4313,7.5376,7.7002,7.8941,8.0868,8.3493,8.5072,8.6797,8.8115,8.8367,8.9835,9.1262,9.7969,9.8862,10.019,11.025,11.759,12.045,12.917,13.014,13.186,13.205,13.343,13.514,13.733,13.972,14.364,14.875,15.034,15.185,15.301,15.478,16.285,16.963,17.098,17.353,17.553,18.152,18.393
7.6,0.7224,1.0326,1.2597,2.2972,2.4752,2.6515,3.9579,4.7306,5.0149,5.3879,5.6538,6.34,6.5323,6.7102,7.0741,7.2443,7.6032,7.6799,9.6421,9.9543,10.11,10.62,10.705,10.848,11.041,11.423,11.864,12.043,12.629,13.664,13.942,15.066,15.226,15.28,15.742,15.966,16.395,16.724,16.866,17.4,17.912,18.009,18.38,18.499,19.775,20.088,20.135,20.326,20.72,21.08,21.461
7.8,0.63215,0.9223,0.94898,1.3578,1.4852,2.1984,2.3648,4.0312,4.2061,4.3603,4.5538,4.7577,5.0322,5.6628,6.2945,7.2155,7.3203,8.2049,8.6977,8.8812,10.36,10.573,10.751,10.999,11.71,13.681,14.284,14.638,14.842,15.016,15.28,15.341,15.516,15.808,16.189,16.491,16.814,17.076,17.305,17.495,17.659,17.97,18.067,18.336,18.72,18.983,18.994,19.231,19.543,20.084,20.106
8,0.71421,0.88643,1.0789,1.5896,1.8137,1.9728,3.188,3.5821,4.3502,5.2015,6.8755,7.0516,7.3098,8.0817,8.2068,8.2632,8.4221,8.746,8.9313,9.0373,9.1852,9.3469,10.25,10.781,11.009,11.241,11.573,11.77,11.987,12.327,12.745,12.9,12.999,13.076,13.144,13.268,13.311,13.484,13.764,13.963,14.174,14.317,14.707,15.114,15.307,15.456,15.712,15.958,16.224,16.609,17.432
